1769 3
1770 3
1771 6
1772 6
1792 2
1794 4
1795 4
1796 4
1800 1
1802 3
1803 3
1804 5
1805 5
1806 6
1807 6
1809 1
1810 1
1811 2
1814 3
1816 4
1818 6
1819 6
1820 1
1821 2
1822 2
1824 3
1825 4
1826 4
1827 5
1828 5
1829 6
1830 6
1831 1
1832 2
1833 3
1834 4
1835 5
1837 6
1838 1
1839 2
1840 2
1841 5
1843 6
1852 1
1853 1
1854 6
1855 6
1856 4
1859 1
1860 2
1861 4
1862 5
1863 5
1864 6
1865 6
1866 1
1867 3
1869 6
1870 4
1871 5
1872 5
1873 6
1874 1
1875 2
1876 3
1877 4
1878 5
1879 6
1880 2
1881 1
1882 2
1883 2
1884 3
1886 3
1888 4
1889 5
1892 1
1896 1
1897 6
1898 1
1899 6
1900 1
1903 3
1905 4
1906 5
1908 6
1910 4
1911 4
1912 5
1913 2
1914 6
1915 3
1916 4
1918 1
1919 1
1920 2
1921 2
1922 3
1923 3
1924 4
1925 4
1926 5
1927 5
1928 6
1929 6
1930 1
1931 1
1932 5
1933 1
1934 3
1935 6
1937 3
1939 4
1940 4
1941 5
1943 5
1944 5
1946 6
1948 6
1950 1
1951 1
1952 2
1953 2
1955 3
1956 4
1957 4
1958 5
1959 5
1960 6
1961 6
1962 3
1963 1
1964 2
1965 2
1966 4
1967 1
1970 6
1971 6
1972 1
1973 1
1974 1
1975 2
1976 2
1977 3
1978 3
1979 4
1980 4
1981 4
1982 5
1983 5
1984 5
1985 6
1986 6
1987 6
1988 6
1991 2
1992 2
1993 3
1994 3
1995 3
1996 4
1998 4
1999 4
2000 5
2001 5
2002 5
2003 4
2004 6